2.90199999999999999991 4.89866516979880000000
2.97454999999999999982 3.59480135528700000000
3.04709999999999999994 2.57386150173510000000
3.11964999999999999985 1.78362943913640000000
3.19219999999999999997 1.18098725510055000000
3.26474999999999999987 .73100874806200000000
3.33730000000000000000 .40435992510390000000
3.40984999999999999990 .17667749426730000000
3.48239999999999999981 .02987120071935000000
3.55494999999999999993 -.05296565183465000000
3.62750000000000000005 -.08429328577455000000
3.70004999999999999996 -.07404453143460000000
3.77259999999999999986 -.03208623157680000000
3.84514999999999999999 .03441291442920000000
3.91769999999999999989 .12057254737390000000
3.99025000000000000001 .22155802314940000000
4.06279999999999999992 .33333988208610000000
4.13534999999999999983 .45333358826140000000
4.20789999999999999973 .57921501856360000000
4.28045000000000000007 .70823364771310000000
4.35299999999999999998 .83872958213990000000
