6.11601230463 4.89866516979880000000
6.58627645008 3.59480135528700000000
7.08005750742 2.57386150173510000000
7.59790376004 1.78362943913640000000
8.14042276521 1.18098725510055000000
8.70814798785 .73100874806200000000
9.30170180370 .40435992510390000000
9.92161767768 .17667749426730000000
10.56847353012 .02987120071935000000
11.24286209982 -.05296565183465000000
11.94534648864 -.08429328577455000000
12.67648979844 -.07404453143460000000
13.43688476802 -.03208623157680000000
14.22709449924 .03441291442920000000
15.04769691243 .12057254737390000000
15.89925510945 .22155802314940000000
16.78234701063 .33333988208610000000
17.69755053630 .45333358826140000000
18.64544360679 .57921501856360000000
19.62657450549 .70823364771310000000
20.64155078967 .83872958213990000000
